958
60
839
714
474
296
489
662
859
534
900
340
464
483
627
308
741
786
305
57
583
183
587
913
776
485
781
703
611
859
384
996
316
747
403
735
105
211
382
910
241
773
546
891
818
43
545
855
588
335
274
496
307
890
713
844
175
313
961
203
421
169
415
107
388
407
712
707
227
422
643
944
419
573
470
903
464
506
740
455
320
43
312
947
144
522
874
170
989
158
681
879
707
828
222
591
313
159
344
524
161
902
111
854
926
552
142
917
732
118
365
890
774
658
813
953
863
19
850
942
978
569
426
234
826
966
595
955
720
166
418
391
581
835
396
775
460
497
434
446
831
110
102
466
960
425
514
418
735
145
100
421
812
811
388
11
306
866
632
890
357
953
844
658
161
961
783
838
834
899
54
112
628
91
112
452
583
409
213
698
129
192
455
771
193
957
637
154
143
32
776
233
437
603
331
748
378
849
906
934
709
466
458
305
970
834
864
702
558
560
319
196
362
469
824
7
487
268
55
402
489
729
129
323
373
480
799
189
811
887
516
171
431
146
266
918
106
366
658
765
156
316
61
179
705
20
275
857
72
922
567
840
322
388
565
640
818
383
800
98
944
823
785
842
216
82
39
830
111
683
973
666
547
418
517
408
653
446
658
91
990
181
711
601
255
168
788
234
672
136
429
778
26
308
332
945
285
528
877
585
415
530
638
268
870
933
812
753
706
482
482
545
704
223
8
25
704
35
317
885
372
142
55
247
31
503
703
385
455
519
47
182
677
664
426
800
476
148
314
639
68
326
775
212
819
760
284
235
399
419
421
316
439
289
613
462
893
167
481
702
205
661
831
159
962
473
731
771
924
433
300
614
227
975
713
351
773
14
446
292
921
499
458
25
595
994
413
752
915
255
353
342
180
43
69
835
718
548
543
62
964
606
524
859
617
766
717
458
615
781
48
353
19
290
981
762
877
369
24
342
466
601
7
684
69
655
736
526
961
113
317
81
302
643
806
394
414
721
519
50
905
498
654
140
271
872
530
150
155
262
494
729
504
894
294
347
3
935
933
991
135
203
462
592
267
949
680
695
235
870
706
630
557
788
177
276
960
344
18
390
363
852
911
